20.0 -2.491288e-05 1.905675e-15 -4.336170e-06 0.000000e+00 
20.0 -2.656127e-05 1.840212e-14 -4.529432e-06 0.000000e+00 
20.0 -2.488040e-05 1.365975e-14 -4.333725e-06 0.000000e+00 
20.0 -2.753071e-05 1.738382e-14 -4.629580e-06 0.000000e+00 
20.0 -2.752898e-05 4.131386e-15 -4.627997e-06 0.000000e+00 
20.0 -2.486977e-05 8.568260e-15 -4.329864e-06 0.000000e+00 
20.0 -2.655281e-05 1.403798e-14 -4.527478e-06 0.000000e+00 
20.0 -2.868073e-05 1.729654e-14 -4.732573e-06 0.000000e+00 
20.0 -2.754085e-05 2.554476e-14 -4.630077e-06 0.000000e+00 
20.0 -2.866239e-05 1.265600e-14 -4.731977e-06 0.000000e+00 
20.0 -2.658595e-05 1.848940e-14 -4.530777e-06 0.000000e+00 
20.0 -1.731423e-05 1.400888e-14 -2.887365e-06 0.000000e+00 
20.0 -1.641094e-05 1.523085e-14 -2.790888e-06 0.000000e+00 
20.0 -1.643461e-05 1.979864e-14 -2.791977e-06 0.000000e+00 
20.0 -2.866958e-05 1.307787e-14 -4.732941e-06 0.000000e+00 
20.0 -1.788191e-05 1.720926e-14 -2.942829e-06 0.000000e+00 
20.0 -1.861997e-05 8.902845e-15 -3.008069e-06 0.000000e+00 
20.0 -1.789637e-05 2.032234e-14 -2.943638e-06 0.000000e+00 
20.0 -1.641044e-05 7.055358e-15 -2.789523e-06 0.000000e+00 
20.0 -1.730556e-05 1.316515e-14 -2.886380e-06 0.000000e+00 
