10 -5.644022e-05 2.896868e-07 -2.389405e-05 8.419503e-08 
5.62341 -5.196036e-04 2.546362e-06 -3.236750e-04 1.468126e-06 
10 -5.777915e-05 2.965444e-07 -2.446610e-05 8.616167e-08 
3.16228 -3.282143e-03 1.944979e-05 -3.044395e-03 8.443737e-06 
3.16228 -3.371287e-03 1.989869e-05 -3.134456e-03 8.682688e-06 
5.62341 -5.324013e-04 2.607440e-06 -3.318788e-04 1.502788e-06 
1.77828 -1.567140e-02 7.297868e-05 -2.219138e-02 5.850430e-05 
1.77828 -1.621453e-02 7.496599e-05 -2.315324e-02 6.045281e-05 
5.62341 -5.438130e-04 2.657072e-06 -3.393577e-04 1.537954e-06 
1 -6.036641e-02 2.804477e-04 -1.309743e-01 3.588057e-04 
1 -6.385417e-02 2.914998e-04 -1.423013e-01 3.771714e-04 
10 -5.893693e-05 3.025386e-07 -2.496416e-05 8.799074e-08 
1.77828 -1.677543e-02 7.924723e-05 -2.418920e-02 6.430612e-05 
3.16228 -3.455998e-03 2.081494e-05 -3.223713e-03 8.845406e-06 
0.316228 -4.686035e-01 2.696545e-03 -2.033956e+00 5.383722e-03 
0.562341 -2.096209e-01 1.024244e-03 -7.049729e-01 1.992108e-03 
1 -6.771348e-02 3.158167e-04 -1.555398e-01 4.503541e-04 
0.177828 -9.235116e-01 5.429811e-03 -5.174915e+00 1.174349e-02 
0.562341 -2.366443e-01 1.418281e-03 -8.597228e-01 2.685522e-03 
0.1 -1.496320e+00 1.009252e-02 -1.036154e+01 3.406720e-02 
0.316228 -5.558696e-01 3.774767e-03 -2.622445e+00 7.851694e-03 
0.177828 -1.169374e+00 9.810652e-03 -7.237183e+00 2.180569e-02 
0.316228 -7.009624e-01 5.548731e-03 -3.804354e+00 1.229340e-02 
0.562341 -1.889062e-01 8.700804e-04 -5.996942e-01 1.659365e-03 
0.177828 -1.691155e+00 1.463716e-02 -1.277809e+01 3.901891e-02 
