10 -3.084172e-05 1.345021e-07 -1.293745e-05 4.097317e-08 
5.62341 -2.776818e-04 1.206071e-06 -1.710910e-04 6.967589e-07 
3.16228 -1.718468e-03 9.829674e-06 -1.575914e-03 4.200361e-06 
10 -3.152688e-05 1.371638e-07 -1.322903e-05 4.180543e-08 
1.77828 -8.055579e-03 7.550286e-05 -1.127895e-02 2.788835e-05 
5.62341 -2.842994e-04 1.229355e-06 -1.753183e-04 7.127491e-07 
1 -3.061332e-02 1.379272e-04 -6.586175e-02 1.711532e-04 
0.316228 -2.358878e-01 1.187853e-03 -1.019498e+00 2.745882e-03 
0.316228 -2.750342e-01 1.640240e-03 -1.285900e+00 3.956290e-03 
0.177828 -4.615197e-01 2.432477e-03 -2.531037e+00 6.157757e-03 
0.177828 -5.724300e-01 4.377493e-03 -3.457266e+00 1.125550e-02 
