6.020430582814454645e+00
3.091395912485118025e+00
1.857860461731936530e+00
4.803331723085555893e+00
4.907894239390012459e+00
8.229374162967375561e-01
5.510492517474513186e+00
4.849236241593529506e+00
4.872200906215384819e+00
2.262199480292933274e+00
4.897956840684472901e+00
4.657242432632870965e+00
2.323785360264201127e+00
8.032226922859112550e-01
4.248148653739770353e+00
2.129805597767913117e+00
2.654006511568279603e+00
5.882502826888321046e+00
6.943144873793747340e-01
6.232648101999413548e+00
1.732997097418600640e+00
1.475053666055059498e-01
3.466799947899368295e+00
4.660627884882297955e+00
3.320457335289507927e+00
2.568400866992474274e+00
1.868867291765916372e+00
4.339484147256535529e+00
7.215650807174878167e-02
2.862883648141696380e+00
2.091288069945166583e+00
4.727499779570732308e+00
4.266614329702791863e+00
2.423800028726883049e+00
5.297307795292857335e+00
5.919058600748480892e+00
5.020137586186209866e+00
1.843000729812654115e-01
3.132661409997866020e+00
5.777918963528468232e+00
4.616425180333012079e+00
4.029903542049557252e+00
3.867117036414823517e+00
2.426869441344408518e+00
5.387348606234002801e+00
2.417656824256949388e+00
4.703671505544398279e+00
1.708345628977431696e+00
3.419039652482285696e+00
1.623185542981039564e+00
6.172879648462537894e+00
4.733160499649473607e+00
4.576615077800037845e+00
1.039119117407891091e+00
4.063945855265076013e+00
4.537956141115664366e+00
4.247766092313172148e-01
1.998918277992882686e+00
2.817813231191044210e-01
5.414673616404803269e+00
8.389014179888876210e-01
5.756428672088660825e+00
8.719748211781110925e-01
2.530277882517184551e+00
1.561783443003735838e+00
3.462578891907032386e+00
1.258218379986874469e+00
5.126983464960430670e-01
4.266182108873270984e+00
7.993592685306557533e-01
4.045800572012578478e+00
5.876541474112720209e+00
4.174127499738933267e+00
6.008320188556834474e+00
4.273954796098848319e-01
2.863617975126481419e+00
5.280895497738057998e+00
2.618389757840065446e+00
1.195426290171363704e+00
2.759194663838743011e+00
4.746412681088115981e+00
7.897542092779437084e-01
8.237434042558674507e-01
2.906399930577589608e+00
4.455434573762221545e-02
5.138265976388067813e+00
4.619726250352604424e+00
4.464277217709530454e+00
5.838323774283945333e+00
5.957829422240280337e+00
1.024197758676260589e-01
4.059847181548779105e+00
7.703534751633142053e-01
1.099767914136741354e+00
6.262128330924243258e+00
6.050790816282534124e+00
5.738636920769299543e+00
3.891778314333985911e+00
1.169348128635698369e+00
2.978625722230284101e+00
