1.008064516129032251e+00 5.141384849706370774e-01
3.004032258064516014e+00 1.479638090771382641e+00
5.020161290322580072e+00 4.259072853472670950e+00
7.036290322580645018e+00 4.748217559537886601e+00
9.032258064516128115e+00 3.336657538143659174e+00
1.104838709677419395e+01 4.634397600232568415e+00
1.306451612903225801e+01 4.030146199273437091e+00
1.508064516129032206e+01 1.647970640039405632e+00
1.707661290322580427e+01 3.238507855832625904e+00
1.909274193548387188e+01 4.653791969665484807e+00
2.110887096774193594e+01 2.112735895290483779e+00
2.310483870967741993e+01 2.361105247781658978e+00
2.512096774193548399e+01 1.556451767733856517e+00
2.713709677419354804e+01 1.560859233343799612e+00
2.913306451612903203e+01 4.870677900660240311e+00
3.114919354838709609e+01 5.156129167930956214e+00
3.316532258064516014e+01 2.276418952527942685e-01
3.518145161290322420e+01 5.814535401926067770e+00
3.717741935483871174e+01 1.286901208958463494e+00
3.919354838709677580e+01 3.627698990297046344e-01
4.120967741935483986e+01 6.107270248631357923e+00
4.320564516129032029e+01 5.213555071818789521e+00
4.522177419354838435e+01 4.456928903870394088e+00
4.723790322580644840e+01 6.162811378167632803e+00
4.923387096774193594e+01 3.944505518927400978e+00
5.125000000000000000e+01 6.311711562358757188e-01
5.326612903225806406e+01 2.340591998053268785e+00
5.528225806451612812e+01 2.281005971964679802e+00
5.727822580645160855e+01 4.035743922625367741e-01
5.929435483870967261e+01 4.290278949996492841e+00
6.131048387096774377e+01 3.402921638873015464e+00
6.330645161290322420e+01 9.503526644131218282e-01
6.532258064516129537e+01 5.083360346818893483e+00
6.733870967741935942e+01 5.271790422648286317e-02
6.933467741935483275e+01 2.531544377514368449e+00
7.135080645161289681e+01 1.068073996813313498e+00
7.336693548387096087e+01 1.308652771294276151e+00
7.538306451612902492e+01 4.531718877051466698e+00
7.737903225806451246e+01 1.467538883269750905e+00
7.939516129032257652e+01 5.168701259630435807e+00
8.141129032258064058e+01 2.325233596327329622e+00
8.340725806451612812e+01 5.783100841151721738e+00
8.542338709677419217e+01 5.424932202779939594e+00
8.743951612903225623e+01 3.500577492414321590e+00
8.943548387096774377e+01 5.793461283989594257e+00
9.145161290322580783e+01 1.400030581477328673e-01
9.346774193548387188e+01 6.251630502636999154e+00
9.548387096774193594e+01 6.052317066294616854e-01
9.747983870967742348e+01 1.368654201926688740e+00
9.949596774193548754e+01 1.582414968968643976e+00
1.015120967741935516e+02 1.675856572241645193e+00
1.035080645161290249e+02 5.374608391494689386e+00
1.055241935483870890e+02 1.429264895096874488e+00
1.075403225806451530e+02 5.182861037243276847e+00
1.095362903225806406e+02 4.110006578716884462e+00
1.115524193548387046e+02 2.913956081678191978e+00
1.135685483870967687e+02 2.009913337835996572e+00
1.155846774193548328e+02 5.042968826087483869e+00
1.175806451612903203e+02 1.139587787198292901e+00
1.195967741935483843e+02 2.239235964235740006e+00
1.216129032258064484e+02 5.061970430752558592e+00
1.236088709677419359e+02 5.758670683632669984e+00
1.256250000000000000e+02 9.365853772737837701e-01
1.276411290322580641e+02 4.597293063296977955e+00
1.296370967741935374e+02 4.778545617320332894e+00
1.316532258064516157e+02 6.176512478654746729e+00
1.336693548387096655e+02 6.138463525244738150e+00
1.356854838709677438e+02 1.366835777566389298e+00
1.376814516129032313e+02 2.795626883657021722e+00
1.396975806451612812e+02 2.875921513895927983e+00
1.417137096774193594e+02 1.899976909160724148e+00
1.437096774193548470e+02 5.964897556490314834e+00
1.457258064516128968e+02 2.089830728590301057e+00
1.477419354838709751e+02 4.868094731557716770e+00
1.497379032258064342e+02 4.002924895993827725e+00
1.517540322580645125e+02 2.125622947535806162e+00
1.537701612903225623e+02 1.864060742064648446e+00
1.557862903225806406e+02 6.219943114685504426e+00
1.577822580645161281e+02 7.736158144231467526e-01
1.597983870967741780e+02 4.390449817452083181e+00
1.618145161290322562e+02 5.214934872962120771e+00
1.638104838709677438e+02 4.061122045843145401e+00
1.658266129032257936e+02 1.557536620090364865e+00
1.678427419354838719e+02 2.465476798512654888e+00
1.698387096774193594e+02 1.448380951574083308e+00
1.718548387096774093e+02 2.716889288300134986e+00
1.738709677419354875e+02 3.906985608013026301e+00
1.758870967741935374e+02 9.358534057190547317e-01
1.778830645161290249e+02 3.873522881542481588e+00
1.798991935483871032e+02 3.095095994501658732e-01
1.819153225806451530e+02 1.257882862024639170e+00
1.839112903225806406e+02 2.558580767928755773e+00
1.859274193548386904e+02 1.962190320793817611e+00
1.879435483870967687e+02 3.551084806642168967e+00
1.899395161290322562e+02 3.396577371506999676e-01
1.919556451612903061e+02 5.438474871806516120e+00
1.939717741935483843e+02 3.600430483452790931e+00
1.959879032258064342e+02 4.622858679198485810e+00
1.979838709677419217e+02 1.585172840824016438e+00
2.000000000000000000e+02 2.585033024090735765e+00
