1.008064516129032251e+00 3.973718810775577204e+00
6.048387096774193061e+00 1.844938750295829211e-01
1.108870967741935409e+01 4.834609898422952412e+00
1.612903225806451601e+01 2.342099424768764315e+00
2.116935483870967616e+01 1.292078810092463170e+00
2.620967741935483630e+01 2.017821870851793875e+00
3.125000000000000000e+01 1.103881432444491217e+00
3.629032258064516014e+01 4.771184750594263946e+00
4.133064516129032029e+01 9.990481718648739351e-01
4.637096774193548043e+01 1.249339452598340339e+00
5.141129032258064058e+01 5.606086165970429747e+00
5.645161290322580783e+01 5.864655139874476397e+00
6.149193548387096797e+01 5.446001728795905272e+00
6.653225806451612812e+01 5.238851041008244280e+00
7.157258064516129537e+01 4.905447274078570175e+00
7.661290322580644840e+01 5.533086320945634462e+00
8.165322580645161565e+01 2.263805705319920758e+00
8.669354838709676869e+01 5.731457055863846684e+00
9.173387096774193594e+01 3.626258645879845588e+00
9.677419354838708898e+01 1.452560698890039026e+00
1.018145161290322562e+02 4.072947568389345463e+00
1.068548387096774235e+02 4.881607591368364307e-01
1.118951612903225765e+02 4.206936941971287425e+00
1.169354838709677438e+02 1.096410065976546333e+00
1.219758064516128968e+02 5.925032690061644125e+00
1.270161290322580641e+02 4.796398033509642111e+00
1.320564516129032313e+02 5.237123792540575806e+00
1.370967741935483843e+02 7.641153224210845973e-01
1.421370967741935374e+02 5.921218101871424722e+00
1.471774193548387188e+02 3.269296374271557948e+00
1.522177419354838719e+02 4.455321070109990345e+00
1.572580645161290249e+02 6.114060260850068929e+00
1.622983870967741780e+02 3.311783433472360594e-01
1.673387096774193594e+02 1.990106644398628166e+00
1.723790322580645125e+02 1.561343828231913422e+00
1.774193548387096655e+02 5.475590905139812392e+00
1.824596774193548470e+02 4.392035830352686965e+00
1.875000000000000000e+02 4.441039988440360631e+00
1.925403225806451530e+02 3.463626682133512436e+00
1.975806451612903061e+02 6.058419247775526983e+00
2.026209677419354875e+02 1.020904327990954652e+00
2.076612903225806406e+02 5.092406321599977914e-02
2.127016129032257936e+02 6.152192203185569142e-01
2.177419354838709751e+02 2.299590544945244286e+00
2.227822580645161281e+02 3.664834630201777355e+00
2.278225806451612812e+02 5.662582903484309149e+00
2.328629032258064342e+02 6.008728695075586046e+00
2.379032258064516157e+02 4.526779379790841773e+00
2.429435483870967687e+02 8.329618868093197070e-01
2.479838709677419217e+02 5.144633157826453917e+00
2.530241935483871032e+02 4.020329269793825766e+00
2.580645161290322562e+02 1.205247227041038593e+00
2.631048387096774377e+02 3.566455783964093129e+00
2.681451612903225623e+02 5.973940306250170806e+00
2.731854838709677438e+02 1.986733513820195363e+00
2.782258064516128684e+02 2.144224631546506110e+00
2.832661290322580498e+02 5.153781333006893561e+00
2.883064516129032313e+02 1.232385522201865369e-01
2.933467741935483559e+02 1.073826981376703626e+00
2.983870967741935374e+02 2.177105695364806248e+00
3.034274193548387188e+02 3.190088342527524379e+00
3.084677419354838435e+02 2.559284201463928099e+00
3.135080645161290249e+02 3.751006189448902184e-01
3.185483870967742064e+02 5.291624116789289900e+00
3.235887096774193310e+02 4.461923743185849389e+00
3.286290322580645125e+02 5.862809496723482283e+00
3.336693548387096939e+02 2.334812712103434329e+00
3.387096774193548185e+02 1.496413027518666450e+00
3.437500000000000000e+02 4.952877370188253359e+00
3.487903225806451246e+02 3.683383474079699571e+00
3.538306451612903061e+02 1.689044055655080534e+00
3.588709677419354875e+02 2.433968334179452686e+00
3.639112903225806122e+02 3.699521385136267604e+00
3.689516129032257936e+02 3.339052375552646890e+00
3.739919354838709751e+02 3.406034475565572706e+00
3.790322580645160997e+02 1.172536502965224381e+00
3.840725806451612812e+02 5.058670175331344332e+00
3.891129032258064626e+02 5.814008451955812617e+00
3.941532258064515872e+02 4.142992325376089191e+00
3.991935483870967687e+02 5.243863861020271244e+00
4.042338709677419502e+02 2.392695092736087492e+00
4.092741935483870748e+02 2.947022574725359334e+00
4.143145161290322562e+02 5.730741130553481000e+00
4.193548387096773808e+02 1.712113283994457724e+00
4.243951612903225623e+02 5.062299659591277035e+00
4.294354838709677438e+02 5.241157675738338462e+00
4.344758064516128684e+02 6.074766425441515683e-01
4.395161290322580498e+02 1.303503652875159791e+00
4.445564516129032313e+02 5.367163561948928852e+00
4.495967741935483559e+02 5.332848225335049541e+00
4.546370967741935374e+02 1.537051113673462699e-01
4.596774193548387188e+02 1.136582629717537429e+00
4.647177419354838435e+02 4.045191713322179083e+00
4.697580645161290249e+02 5.814774793574712497e+00
4.747983870967742064e+02 1.613874225744761581e+00
4.798387096774193310e+02 4.978458928475718359e+00
4.848790322580645125e+02 5.906111663609932450e+00
4.899193548387096371e+02 3.089690682756514040e+00
4.949596774193548185e+02 1.542941818424149902e+00
5.000000000000000000e+02 2.366195635525889074e+00
