      L    Grid  Aspect    Temp       Energy    EnergyErr        Force     ForceErr Status
 10.000   0.300  10.000   0.000    0.000e+00    0.000e+00    0.000e+00    0.000e+00    1
 10.000   0.300  15.000   0.000    0.000e+00    0.000e+00    0.000e+00    0.000e+00    1
 10.000   0.300   2.000   0.000    0.000e+00    0.000e+00    0.000e+00    0.000e+00    1
 10.000   0.300  20.000   0.000    0.000e+00    0.000e+00    0.000e+00    0.000e+00    1
 10.000   0.300   3.000   0.000    0.000e+00    0.000e+00    0.000e+00    0.000e+00    1
 10.000   0.300   5.000   0.000    0.000e+00    0.000e+00    0.000e+00    0.000e+00    1
 10.000   0.400  10.000   0.000    0.000e+00    0.000e+00    0.000e+00    0.000e+00    1
 10.000   0.400  15.000   0.000    0.000e+00    0.000e+00    0.000e+00    0.000e+00    1
 10.000   0.400   2.000   0.000   -3.221e-05    1.426e-07   -1.354e-05    4.317e-08    0
 10.000   0.400  20.000   0.000    0.000e+00    0.000e+00    0.000e+00    0.000e+00    1
 10.000   0.400   3.000   0.000    0.000e+00    0.000e+00    0.000e+00    0.000e+00    1
 10.000   0.400   5.000   0.000    0.000e+00    0.000e+00    0.000e+00    0.000e+00    1
 12.500   0.300  10.000   0.000    0.000e+00    0.000e+00    0.000e+00    0.000e+00    1
 12.500   0.300  15.000   0.000    0.000e+00    0.000e+00    0.000e+00    0.000e+00    1
 12.500   0.300   2.000   0.000    0.000e+00    0.000e+00    0.000e+00    0.000e+00    1
 12.500   0.300  20.000   0.000    0.000e+00    0.000e+00    0.000e+00    0.000e+00    1
 12.500   0.300   3.000   0.000    0.000e+00    0.000e+00    0.000e+00    0.000e+00    1
 12.500   0.300   5.000   0.000    0.000e+00    0.000e+00    0.000e+00    0.000e+00    1
 12.500   0.400  10.000   0.000    0.000e+00    0.000e+00    0.000e+00    0.000e+00    1
 12.500   0.400  15.000   0.000    0.000e+00    0.000e+00    0.000e+00    0.000e+00    1
 12.500   0.400   2.000   0.000   -1.219e-05    6.362e-08   -4.398e-06    1.574e-08    0
 12.500   0.400  20.000   0.000    0.000e+00    0.000e+00    0.000e+00    0.000e+00    1
 12.500   0.400   3.000   0.000    0.000e+00    0.000e+00    0.000e+00    0.000e+00    1
 12.500   0.400   5.000   0.000   -1.680e-05    6.687e-08   -5.418e-06    1.682e-08    0
 15.000   0.300  10.000   0.000    0.000e+00    0.000e+00    0.000e+00    0.000e+00    1
 15.000   0.300  15.000   0.000    0.000e+00    0.000e+00    0.000e+00    0.000e+00    1
 15.000   0.300   2.000   0.000    0.000e+00    0.000e+00    0.000e+00    0.000e+00    1
 15.000   0.300  20.000   0.000    0.000e+00    0.000e+00    0.000e+00    0.000e+00    1
 15.000   0.300   3.000   0.000    0.000e+00    0.000e+00    0.000e+00    0.000e+00    1
 15.000   0.300   5.000   0.000    0.000e+00    0.000e+00    0.000e+00    0.000e+00    1
 15.000   0.400  10.000   0.000    0.000e+00    0.000e+00    0.000e+00    0.000e+00    1
 15.000   0.400  15.000   0.000    0.000e+00    0.000e+00    0.000e+00    0.000e+00    1
 15.000   0.400   2.000   0.000    0.000e+00    0.000e+00    0.000e+00    0.000e+00    1
 15.000   0.400  20.000   0.000    0.000e+00    0.000e+00    0.000e+00    0.000e+00    1
 15.000   0.400   3.000   0.000   -6.617e-06    3.582e-08   -1.988e-06    7.306e-09    0
 15.000   0.400   5.000   0.000   -7.927e-06    4.135e-08   -2.226e-06    8.585e-09    0
 17.500   0.300  10.000   0.000    0.000e+00    0.000e+00    0.000e+00    0.000e+00    1
 17.500   0.300  15.000   0.000    0.000e+00    0.000e+00    0.000e+00    0.000e+00    1
 17.500   0.300   2.000   0.000    0.000e+00    0.000e+00    0.000e+00    0.000e+00    1
 17.500   0.300  20.000   0.000    0.000e+00    0.000e+00    0.000e+00    0.000e+00    1
 17.500   0.300   3.000   0.000    0.000e+00    0.000e+00    0.000e+00    0.000e+00    1
 17.500   0.300   5.000   0.000    0.000e+00    0.000e+00    0.000e+00    0.000e+00    1
 17.500   0.400  10.000   0.000    0.000e+00    0.000e+00    0.000e+00    0.000e+00    1
 17.500   0.400  15.000   0.000    0.000e+00    0.000e+00    0.000e+00    0.000e+00    1
 17.500   0.400   2.000   0.000   -2.473e-06    1.142e-08   -7.023e-07    2.021e-09    0
 17.500   0.400  20.000   0.000    0.000e+00    0.000e+00    0.000e+00    0.000e+00    1
 17.500   0.400   3.000   0.000   -3.251e-06    1.702e-08   -8.758e-07    2.976e-09    0
 17.500   0.400   5.000   0.000   -4.089e-06    2.193e-08   -1.023e-06    3.860e-09    0
 20.000   0.300  10.000   0.000    0.000e+00    0.000e+00    0.000e+00    0.000e+00    1
 20.000   0.300  15.000   0.000    0.000e+00    0.000e+00    0.000e+00    0.000e+00    1
 20.000   0.300   2.000   0.000    0.000e+00    0.000e+00    0.000e+00    0.000e+00    1
 20.000   0.300  20.000   0.000    0.000e+00    0.000e+00    0.000e+00    0.000e+00    1
 20.000   0.300   3.000   0.000    0.000e+00    0.000e+00    0.000e+00    0.000e+00    1
 20.000   0.300   5.000   0.000    0.000e+00    0.000e+00    0.000e+00    0.000e+00    1
 20.000   0.400  10.000   0.000    0.000e+00    0.000e+00    0.000e+00    0.000e+00    1
 20.000   0.400  15.000   0.000    0.000e+00    0.000e+00    0.000e+00    0.000e+00    1
 20.000   0.400   2.000   0.000   -1.258e-06    6.138e-09   -3.237e-07    1.077e-09    0
 20.000   0.400  20.000   0.000    0.000e+00    0.000e+00    0.000e+00    0.000e+00    1
 20.000   0.400   3.000   0.000   -1.711e-06    8.592e-09   -4.189e-07    1.316e-09    0
 20.000   0.400   5.000   0.000   -2.256e-06    1.223e-08   -5.111e-07    1.875e-09    0
 22.500   0.300  10.000   0.000    0.000e+00    0.000e+00    0.000e+00    0.000e+00    1
 22.500   0.300  15.000   0.000    0.000e+00    0.000e+00    0.000e+00    0.000e+00    1
 22.500   0.300   2.000   0.000    0.000e+00    0.000e+00    0.000e+00    0.000e+00    1
 22.500   0.300  20.000   0.000    0.000e+00    0.000e+00    0.000e+00    0.000e+00    1
 22.500   0.300   3.000   0.000    0.000e+00    0.000e+00    0.000e+00    0.000e+00    1
 22.500   0.300   5.000   0.000    0.000e+00    0.000e+00    0.000e+00    0.000e+00    1
 22.500   0.400  10.000   0.000    0.000e+00    0.000e+00    0.000e+00    0.000e+00    1
 22.500   0.400  15.000   0.000    0.000e+00    0.000e+00    0.000e+00    0.000e+00    1
 22.500   0.400   2.000   0.000   -6.805e-07    3.148e-09   -1.601e-07    5.224e-10    0
 22.500   0.400  20.000   0.000    0.000e+00    0.000e+00    0.000e+00    0.000e+00    1
 22.500   0.400   3.000   0.000   -9.527e-07    5.062e-09   -2.140e-07    7.599e-10    0
 22.500   0.400   5.000   0.000   -1.313e-06    7.110e-09   -2.725e-07    9.667e-10    0
 25.000   0.300  10.000   0.000    0.000e+00    0.000e+00    0.000e+00    0.000e+00    1
 25.000   0.300  15.000   0.000    0.000e+00    0.000e+00    0.000e+00    0.000e+00    1
 25.000   0.300   2.000   0.000    0.000e+00    0.000e+00    0.000e+00    0.000e+00    1
 25.000   0.300  20.000   0.000    0.000e+00    0.000e+00    0.000e+00    0.000e+00    1
 25.000   0.300   3.000   0.000    0.000e+00    0.000e+00    0.000e+00    0.000e+00    1
 25.000   0.300   5.000   0.000    0.000e+00    0.000e+00    0.000e+00    0.000e+00    1
 25.000   0.400  10.000   0.000    0.000e+00    0.000e+00    0.000e+00    0.000e+00    1
 25.000   0.400  15.000   0.000    0.000e+00    0.000e+00    0.000e+00    0.000e+00    1
 25.000   0.400   2.000   0.000   -3.870e-07    1.711e-09   -8.390e-08    2.680e-10    0
 25.000   0.400  20.000   0.000    0.000e+00    0.000e+00    0.000e+00    0.000e+00    1
 25.000   0.400   3.000   0.000   -5.553e-07    2.837e-09   -1.153e-07    4.071e-10    0
 25.000   0.400   5.000   0.000   -7.968e-07    4.255e-09   -1.531e-07    5.229e-10    0
 27.500   0.300  10.000   0.000    0.000e+00    0.000e+00    0.000e+00    0.000e+00    1
 27.500   0.300  15.000   0.000    0.000e+00    0.000e+00    0.000e+00    0.000e+00    1
 27.500   0.300   2.000   0.000    0.000e+00    0.000e+00    0.000e+00    0.000e+00    1
 27.500   0.300  20.000   0.000    0.000e+00    0.000e+00    0.000e+00    0.000e+00    1
 27.500   0.300   3.000   0.000    0.000e+00    0.000e+00    0.000e+00    0.000e+00    1
 27.500   0.300   5.000   0.000    0.000e+00    0.000e+00    0.000e+00    0.000e+00    1
 27.500   0.400  10.000   0.000    0.000e+00    0.000e+00    0.000e+00    0.000e+00    1
 27.500   0.400  15.000   0.000    0.000e+00    0.000e+00    0.000e+00    0.000e+00    1
 27.500   0.400   2.000   0.000   -2.297e-07    9.740e-10   -4.618e-08    1.443e-10    0
 27.500   0.400  20.000   0.000    0.000e+00    0.000e+00    0.000e+00    0.000e+00    1
 27.500   0.400   3.000   0.000   -3.365e-07    1.649e-09   -6.505e-08    2.273e-10    0
 27.500   0.400   5.000   0.000   -5.014e-07    2.636e-09   -8.978e-08    2.941e-10    0
 30.000   0.300  10.000   0.000    0.000e+00    0.000e+00    0.000e+00    0.000e+00    1
 30.000   0.300  15.000   0.000    0.000e+00    0.000e+00    0.000e+00    0.000e+00    1
 30.000   0.300   2.000   0.000    0.000e+00    0.000e+00    0.000e+00    0.000e+00    1
 30.000   0.300  20.000   0.000    0.000e+00    0.000e+00    0.000e+00    0.000e+00    1
 30.000   0.300   3.000   0.000    0.000e+00    0.000e+00    0.000e+00    0.000e+00    1
 30.000   0.300   5.000   0.000    0.000e+00    0.000e+00    0.000e+00    0.000e+00    1
 30.000   0.400  10.000   0.000    0.000e+00    0.000e+00    0.000e+00    0.000e+00    1
 30.000   0.400  15.000   0.000    0.000e+00    0.000e+00    0.000e+00    0.000e+00    1
 30.000   0.400   2.000   0.000   -1.413e-07    1.234e-09   -2.650e-08    9.208e-11    0
 30.000   0.400  20.000   0.000    0.000e+00    0.000e+00    0.000e+00    0.000e+00    1
 30.000   0.400   3.000   0.000    0.000e+00    0.000e+00    0.000e+00    0.000e+00    1
 30.000   0.400   5.000   0.000   -3.250e-07    1.850e-09   -5.458e-08    1.996e-10    0
