12.5 -7.008107e-05 7.420491e-14 -2.155359e-05 5.082198e-20 
27.5 -2.066194e-06 8.226402e-14 -4.067199e-07 0.000000e+00 
15.0 -3.383518e-05 8.296228e-14 -9.274903e-06 0.000000e+00 
12.5 -8.744528e-05 1.775914e-13 -2.529356e-05 5.082198e-20 
22.5 -8.377666e-06 1.744201e-13 -1.626957e-06 0.000000e+00 
12.5 -7.987395e-05 9.762579e-14 -2.374117e-05 5.082198e-20 
15.0 -3.953998e-05 1.017572e-13 -1.045725e-05 0.000000e+00 
25.0 -4.601111e-06 1.080852e-13 -8.220889e-07 0.000000e+00 
10.0 -1.597945e-04 4.404872e-14 -5.673867e-05 0.000000e+00 
27.5 -2.888705e-06 1.037356e-13 -4.922238e-07 0.000000e+00 
12.5 -7.987395e-05 9.762579e-14 -2.374117e-05 5.082198e-20 
17.5 -2.431545e-05 1.744201e-13 -5.572715e-06 0.000000e+00 
10.0 -1.900211e-04 1.280145e-15 -6.357525e-05 0.000000e+00 
25.0 -5.482163e-06 1.744201e-13 -9.462795e-07 0.000000e+00 
10.0 -1.772749e-04 1.455541e-17 -6.087263e-05 0.000000e+00 
12.5 -7.008107e-05 7.420491e-14 -2.155359e-05 5.082198e-20 
20.0 -9.862172e-06 8.345689e-14 -2.231404e-06 0.000000e+00 
10.0 -1.772749e-04 1.455541e-17 -6.087263e-05 0.000000e+00 
12.5 -8.744528e-05 1.775914e-13 -2.529356e-05 5.082198e-20 
