12.5 -4.172114e-05 6.176711e-14 -1.258678e-05 2.541099e-20 
17.5 -1.075447e-05 6.463290e-14 -2.619912e-06 0.000000e+00 
27.5 -1.471481e-06 6.344003e-14 -2.486526e-07 0.000000e+00 
22.5 -5.098792e-06 5.599190e-14 -9.938605e-07 0.000000e+00 
15.0 -2.388400e-05 2.328996e-14 -6.201683e-06 0.000000e+00 
12.5 -5.231214e-05 6.325092e-14 -1.488477e-05 2.541099e-20 
25.0 -2.782525e-06 2.193707e-14 -5.017799e-07 0.000000e+00 
10.0 -9.362042e-05 1.764567e-14 -3.255572e-05 0.000000e+00 
17.5 -1.066299e-05 3.185821e-15 -2.561159e-06 0.000000e+00 
20.0 -6.008343e-06 3.185821e-15 -1.312724e-06 0.000000e+00 
22.5 -3.576466e-06 3.185821e-15 -7.135361e-07 0.000000e+00 
15.0 -2.007859e-05 3.127632e-15 -5.369480e-06 0.000000e+00 
25.0 -2.202226e-06 3.185821e-15 -4.073371e-07 0.000000e+00 
12.5 -4.083411e-05 1.963863e-15 -1.232768e-05 2.541099e-20 
15.0 -2.620257e-05 1.467805e-14 -6.627068e-06 0.000000e+00 
22.5 -5.057896e-06 1.469260e-14 -9.705153e-07 0.000000e+00 
20.0 -8.332240e-06 1.469260e-14 -1.737280e-06 0.000000e+00 
12.5 -5.122333e-05 1.331062e-14 -1.457779e-05 2.541099e-20 
27.5 -2.083083e-06 1.482353e-14 -3.441524e-07 0.000000e+00 
17.5 -1.438074e-05 1.469260e-14 -3.281970e-06 0.000000e+00 
30.0 -1.386851e-06 1.405253e-14 -2.158617e-07 0.000000e+00 
25.0 -3.187143e-06 1.469260e-14 -5.670290e-07 0.000000e+00 
